----------------------------
Egamma (MeV) Flux per energy
----------------------------
0              72
0.1           532
0.2          1621
0.3          2385
0.4          2639
0.5          2772
0.6          2685
0.7          2659
0.8          2618
0.9          2507
1.1          2383
1.2          2371
1.3          2282
1.4          2124
1.5          2155
1.6          2072
1.7          1962
1.8          1855
1.9          1816
2            1691
2.1          1743
2.2          1620
2.3          1630
2.4          1567
2.5          1432
2.6          1466
2.7          1425
2.8          1400
2.9          1303
3            1257
3.1          1273
3.2          1229
3.3          1099
3.4          1127
3.5          1152
3.6           985
3.7          1007
3.8           949
3.9           998
4             926
4.1           899
4.2           857
4.3           845
4.4           879
4.5           805
4.6           747
4.7           771
4.8           725
4.9           716
5             682
5.1           653
5.2           648
5.3           675
5.4           612
5.5           595
5.6           613
5.7           561
5.8           604
5.9           581
6             518
6.1           572
6.2           492
6.3           498
 6.4           500
6.5           501
6.6           478
6.7           451
6.8           467
6.9           457
7             401
7.1           438
7.2           433
7.3           380
7.4           365
7.5           418
7.6           375
7.7           369
7.8           383
7.9           410
8             320
8.1           290
8.2           294
8.3           321
8.4           277
8.5           311
8.6           296
8.7           289
8.8           265
8.9           280
9             266
9.1           273
9.2           229
9.3           230
9.4           233
9.5           257
9.6           227
9.7           201
9.8           196
9.9            204
10             170
10.1           131
10.2           123
10.3           109
10.4           101
10.5           106
10.6            91
10.7            91
10.8            88
10.9            81
11              56
11.1            60
11.2            72
11.3            58
11.4            43
11.5            44
11.6            37
11.7            36
11.8            32
11.9            23
12              23
12.1            24
12.2            19
12.3            19
12.4            14
12.5            18
12.6            13
12.7            12
12.8            13
12.9            14
13              16
13.1            15
13.2            19
13.3            19
13.4            17
13.5            10
13.6            19
13.7            19
13.8            18
13.9            11
14              10
